1 0 0 0
2 0 2 0
3 1 10 1
4 1 9 1
5 3 11 2
6 3 10 2
7 10 19 4
8 10 21 4
9 11 19 6
10 11 19 6
11 11 17 3
12 11 18 3
13 12 17 5
14 12 18 5
15 18 23 11
16 18 25 11
17 18 28 13
18 18 26 13
19 19 25 12
20 19 24 12
21 19 25 14
22 19 25 14
23 20 26 7
24 20 24 7
25 20 27 9
26 20 26 10
27 20 27 10
28 22 28 8
29 22 28 8
30 25 32 20
31 24 32 15
32 24 30 15
33 25 31 24
34 25 31 24
35 26 32 16
36 26 31 16
37 26 33 560
38 26 32 560
39 26 32 22
40 26 33 22
41 26 31 19
42 26 31 19
43 26 34 21
44 26 33 21
45 27 32 23
46 27 31 23
47 27 31 18
48 27 31 18
49 27 32 26
50 27 32 26
51 28 33 25
52 28 33 25
53 28 34 27
54 28 33 27
55 29 33 29
56 29 33 29
57 29 32 17
58 29 32 17
59 29 32 28
60 31 39 32
61 31 37 32
62 32 38 34
63 32 38 34
64 32 39 48
65 32 38 48
66 32 38 46
67 32 38 46
68 32 39 33
69 32 38 33
70 32 37 41
71 32 38 41
72 32 38 42
73 32 38 42
74 32 41 36
75 32 38 36
76 32 39 47
77 32 38 47
78 32 38 561
79 32 37 561
80 33 38 59
81 33 37 59
82 33 42 30
83 33 40 30
84 33 39 58
85 33 38 58
86 33 38 35
87 33 38 35
88 33 38 45
89 33 38 45
90 33 38 57
91 33 38 57
92 33 40 31
93 33 39 31
94 33 38 39
95 33 38 39
96 33 38 49
97 33 40 49
98 33 39 50
99 33 42 50
100 34 40 44
101 34 38 44
102 34 41 51
103 34 39 51
104 34 39 55
105 34 39 55
106 34 39 37
107 34 39 37
108 34 39 56
109 46 51 154
110 34 38 52
111 34 38 52
112 34 39 40
113 34 39 40
114 34 39 54
115 34 38 54
116 35 39 43
117 35 40 43
118 35 39 53
119 35 41 53
120 37 41 562
121 37 43 562
122 38 45 61
123 38 46 61
124 38 42 81
125 38 44 81
126 38 46 70
127 38 43 70
128 38 43 79
129 38 48 79
130 38 44 563
131 38 45 563
132 39 44 66
133 39 44 86
134 39 45 87
135 39 45 87
136 39 44 85
137 39 44 85
138 39 44 75
139 39 46 75
140 39 44 62
141 39 44 62
142 39 46 101
143 39 47 101
144 39 44 96
145 39 45 96
146 39 45 115
147 39 48 115
148 39 46 65
149 39 45 65
150 39 44 67
151 39 46 67
152 39 46 71
153 39 45 71
154 39 45 69
155 39 44 69
156 39 44 90
157 39 44 90
158 39 43 80
159 39 45 63
160 39 45 110
161 39 45 111
162 39 44 94
163 39 44 94
164 39 45 95
165 39 46 95
166 39 44 89
167 39 44 89
168 39 44 88
169 39 46 88
170 39 46 110
171 39 45 77
172 39 44 91
173 40 45 103
174 40 46 103
175 40 44 84
176 40 46 84
177 40 45 60
178 40 45 60
179 40 46 104
180 40 47 104
181 40 46 118
182 40 48 118
183 40 44 98
184 40 46 98
185 40 49 114
186 40 47 114
187 40 44 105
188 40 46 105
189 40 45 113
190 40 46 113
191 40 45 76
192 40 46 76
193 40 47 64
194 40 47 64
195 40 43 112
196 40 45 112
197 40 46 107
198 40 46 107
199 40 45 108
200 40 44 108
201 40 46 106
202 40 46 106
203 41 47 100
204 41 46 100
205 41 50 92
206 41 48 92
207 41 45 117
208 41 45 117
209 41 44 97
210 41 46 97
211 41 46 83
212 41 45 83
213 42 46 102
214 42 46 102
215 42 47 119
216 42 47 119
217 42 46 565
218 52 52 109
219 42 45 120
220 42 47 74
221 42 46 74
222 52 52 383
223 43 46 99
224 43 46 99
225 44 47 121
226 44 50 158
227 44 50 158
228 44 50 127
229 44 49 127
230 44 49 128
231 44 49 128
232 44 52 195
233 44 52 195
234 45 51 595
235 45 50 595
236 45 51 172
237 45 52 172
238 45 50 647
239 45 50 647
240 45 50 162
241 45 51 162
242 45 51 125
243 45 51 125
244 45 51 132
245 45 52 132
246 45 50 167
247 45 50 167
248 45 50 168
249 45 50 168
250 45 51 187
251 45 51 187
252 45 51 156
253 45 50 156
254 45 51 130
255 45 50 130
256 45 52 649
257 45 52 649
258 45 51 144
259 45 51 175
260 45 52 136
261 45 51 155
262 45 50 155
263 45 51 586
264 45 49 586
265 45 50 166
266 45 50 166
267 45 51 133
268 52 52 289
269 45 52 140
270 45 52 140
271 45 50 141
272 45 51 141
273 45 50 200
274 45 50 200
275 45 52 611
276 45 50 157
277 45 50 157
278 45 52 648
279 45 51 648
280 45 52 163
281 45 52 163
282 47 52 204
283 45 51 183
284 46 52 122
285 46 51 135
286 46 52 135
287 46 52 632
288 46 52 632
289 46 51 178
290 46 51 178
291 46 51 153
292 46 50 153
293 46 51 191
294 46 52 191
295 46 52 207
296 46 52 207
297 46 52 208
298 46 52 208
299 46 51 212
300 46 52 212
301 46 52 173
302 46 51 173
303 46 52 189
304 46 52 189
305 47 52 620
306 46 52 160
307 46 51 161
308 46 51 219
309 46 51 566
310 46 52 566
311 46 52 134
312 46 52 134
313 46 52 177
314 46 52 177
315 46 51 122
316 46 51 199
317 46 51 199
318 46 50 571
319 46 51 571
320 46 52 159
321 46 51 131
322 46 51 601
323 46 51 601
324 46 52 196
325 46 52 149
326 46 51 149
327 46 52 160
328 46 52 171
329 46 51 171
330 46 51 164
331 46 51 164
332 46 50 145
333 48 52 186
334 46 52 146
335 47 52 126
336 47 51 126
337 47 51 152
338 47 52 152
339 47 52 151
340 47 51 151
341 47 52 198
342 47 52 176
343 47 52 179
344 47 52 179
345 47 52 169
346 47 52 169
347 47 51 192
348 47 52 192
349 47 52 142
350 47 52 142
351 47 52 213
352 47 52 213
353 47 51 664
354 47 52 664
355 47 52 123
356 47 52 202
357 47 52 202
358 47 52 564
359 47 51 181
360 47 52 165
361 47 52 165
362 47 52 663
363 47 52 223
364 47 51 223
365 47 51 224
366 47 52 224
367 47 51 148
368 47 51 148
369 47 52 613
370 47 52 613
371 47 52 211
372 47 51 211
373 47 52 612
374 47 51 610
375 47 52 190
376 47 52 190
377 47 52 197
378 47 52 198
379 47 52 188
380 47 52 188
381 47 52 217
382 47 52 564
383 47 51 170
384 47 52 612
385 47 51 610
386 47 52 174
387 47 51 210
388 47 52 210
389 47 52 184
390 47 52 184
391 47 52 139
392 47 52 139
393 47 52 201
394 48 52 220
395 48 52 602
396 48 52 602
397 48 52 143
398 48 51 143
399 48 52 225
400 48 52 203
401 48 51 203
402 48 52 215
403 48 52 215
404 48 52 216
405 48 52 216
406 48 52 180
407 48 52 180
408 48 52 186
409 48 52 631
410 48 52 194
411 48 52 194
412 49 52 623
413 49 52 623
414 49 52 182
415 49 52 206
416 49 52 567
417 49 52 567
418 51 52 276
419 49 52 616
420 49 52 182
421 50 52 229
422 50 52 229
423 50 52 585
424 50 52 585
425 51 52 238
426 50 52 264
427 50 52 231
428 50 52 231
429 51 52 573
430 51 52 253
431 50 52 264
432 50 52 185
433 51 52 265
434 51 52 265
435 52 52 261
436 51 52 248
437 51 52 271
438 51 52 641
439 51 52 641
440 51 52 249
441 51 52 249
442 51 52 274
443 51 52 274
444 51 52 255
445 51 52 277
446 51 52 277
447 51 52 239
448 51 52 239
449 51 52 593
450 51 52 593
451 51 52 332
452 51 52 266
453 51 52 266
454 51 52 682
455 51 52 228
456 51 52 228
457 51 52 262
458 51 52 262
459 51 52 226
460 51 52 226
461 51 52 227
462 51 52 227
463 52 52 337
464 51 52 246
465 51 52 246
466 51 52 247
467 51 52 589
468 51 52 589
469 51 52 318
470 51 52 318
471 51 52 628
472 51 52 273
473 51 52 273
474 52 52 316
475 52 52 336
476 52 52 336
477 52 52 309
478 52 52 309
479 52 52 367
480 52 52 291
481 52 52 285
482 52 52 285
483 52 52 290
484 52 52 290
485 52 52 251
486 52 52 251
487 52 52 608
488 52 52 608
489 52 52 368
490 52 52 368
491 52 52 317
492 52 52 317
493 52 52 592
494 52 52 592
495 52 52 579
496 52 52 579
497 52 52 329
498 52 52 329
499 52 52 347
500 52 52 347
501 52 52 326
502 52 52 326
503 52 52 236
504 52 52 236
505 52 52 699
506 52 52 699
507 52 52 263
508 52 52 263
509 52 52 359
510 52 52 359
511 52 52 299
512 52 52 299
513 52 52 331
514 52 52 387
515 52 52 387
516 52 52 283
517 52 52 283
518 52 52 697
519 52 52 302
520 52 52 261
521 52 52 250
522 52 52 250
523 52 52 629
524 52 52 629
525 52 52 242
526 52 52 242
527 52 52 252
528 52 52 252
529 52 52 259
530 52 52 259
531 52 52 109
532 52 52 319
533 52 52 319
534 52 52 293
535 52 52 293
536 52 52 272
537 52 52 272
538 52 52 321
539 52 52 321
540 52 52 607
541 52 52 607
542 52 52 307
543 52 52 307
544 52 52 385
545 52 52 385
546 52 52 308
547 52 52 308
548 52 52 659
549 52 52 659
550 52 52 603
551 52 52 401
552 52 52 401
553 52 52 666
554 52 52 666
555 52 52 340
556 52 52 340
557 52 52 241
558 52 52 234
559 52 52 234
560 20 25 9
561 25 31 20
562 29 36 28
563 33 37 38
564 39 46 63
565 33 41 38
566 39 45 66
567 40 48 93
568 40 46 93
569 51 52 205
570 47 52 176
571 39 45 72
572 48 52 631
573 45 50 175
574 51 52 573
575 49 52 129
576 52 52 353
577 51 52 247
578 51 52 253
579 46 51 154
580 46 52 145
581 49 52 147
582 49 52 147
583 45 52 150
584 45 52 150
585 45 49 614
586 39 44 80
587 47 52 204
588 45 52 183
589 45 50 133
590 48 52 220
591 45 52 138
592 47 51 123
593 43 50 124
594 49 52 129
595 39 44 86
596 52 52 254
597 52 52 254
598 51 52 255
599 46 52 146
600 47 52 170
601 39 45 91
602 39 47 77
603 47 51 174
604 47 52 181
605 50 52 185
606 46 51 642
607 47 51 620
608 45 51 138
609 48 52 193
610 42 46 120
611 34 44 56
612 39 46 111
613 42 46 565
614 39 44 72
615 39 45 73
616 44 48 121
617 52 52 697
618 52 52 337
619 51 52 205
620 40 46 116
621 51 52 271
622 47 52 201
623 45 48 611
624 51 52 276
625 46 52 196
626 47 52 197
627 52 52 331
628 45 50 137
629 45 51 137
630 51 52 628
631 40 47 68
632 40 45 68
633 52 52 289
634 49 52 206
635 45 52 136
636 52 52 364
637 52 52 364
638 47 52 221
639 52 52 315
640 47 52 221
641 45 50 614
642 39 45 73
643 46 52 642
644 52 52 606
645 52 52 606
646 46 52 159
647 39 44 78
648 39 44 78
649 40 44 116
650 46 52 131
651 48 52 193
652 47 52 217
653 52 52 279
654 52 52 279
655 51 52 238
656 46 52 161
657 52 52 383
658 43 52 124
659 46 51 219
660 51 52 240
661 51 52 240
662 52 52 241
663 43 46 82
664 43 46 82
665 45 52 209
666 45 51 209
667 52 52 603
668 50 52 230
669 50 52 230
670 52 52 372
671 52 52 398
672 52 52 398
673 52 52 322
674 52 52 322
675 52 52 323
676 52 52 323
677 52 52 267
678 52 52 267
679 51 52 292
680 52 52 291
681 51 52 292
682 45 50 144
683 52 52 258
684 52 52 258
685 52 52 302
686 52 52 365
687 52 52 365
688 52 52 374
689 52 52 374
690 51 52 332
691 47 52 663
692 49 52 616
693 51 52 235
694 51 52 235
695 52 52 244
696 52 52 244
697 48 51 225
698 51 52 682
699 46 51 615
700 52 52 372
701 52 52 243
702 52 52 243
703 46 52 615
704 47 52 214
705 47 52 214
706 52 52 353
707 52 52 367
708 51 52 248
709 52 52 316
710 52 52 315
711 52 52 330
712 52 52 330
713 47 52 568
714 47 52 568
