1 0 0 0
2 0 2 0
3 1 10 1
4 1 9 1
5 3 10 2
6 3 11 2
7 10 21 4
8 10 19 4
9 11 18 3
10 11 17 3
11 11 19 5
12 11 19 5
13 12 17 6
14 12 18 6
15 18 32 10
16 18 23 10
17 18 26 13
18 18 28 13
19 19 25 9
20 19 27 9
21 19 25 14
22 19 25 14
23 20 24 8
24 20 26 8
25 20 24 11
26 20 25 11
27 20 26 12
28 20 27 12
29 22 28 7
30 22 28 7
31 24 25 16
32 24 32 16
33 25 31 25
34 25 32 25
35 25 31 23
36 25 31 23
37 26 31 19
38 26 31 19
39 26 40 21
40 26 33 21
41 26 32 22
42 26 33 22
43 26 30 31
44 26 31 31
45 26 32 26
46 26 33 26
47 27 31 17
48 27 31 17
49 27 32 24
50 27 31 24
51 27 32 27
52 27 32 27
53 28 46 20
54 28 33 20
55 28 34 28
56 28 33 28
57 29 32 18
58 29 32 18
59 29 32 29
60 29 36 29
61 29 33 30
62 29 33 30
63 31 39 43
64 31 37 43
65 32 38 36
66 32 39 36
67 32 38 35
68 32 44 35
69 32 38 44
70 32 51 44
71 32 38 38
72 32 37 38
73 32 38 37
74 32 38 37
75 32 38 50
76 32 38 50
77 32 45 48
78 32 38 48
79 32 39 47
80 32 38 47
81 32 37 33
82 32 33 33
83 33 40 34
84 33 46 34
85 33 38 32
86 33 39 32
87 33 44 15
88 33 38 15
89 33 46 45
90 33 37 45
91 33 38 41
92 33 38 41
93 33 38 49
94 33 38 49
95 33 42 51
96 33 38 51
97 33 39 52
98 33 42 52
99 33 38 57
100 33 38 57
101 33 38 58
102 33 39 58
103 33 37 59
104 33 38 59
105 34 39 46
106 34 38 46
107 34 39 42
108 34 39 42
109 34 52 40
110 34 38 40
111 34 41 54
112 34 39 54
113 34 39 56
114 34 38 56
115 34 39 62
116 34 39 62
117 34 44 61
118 34 45 61
119 34 34 82
120 34 38 82
121 35 41 55
122 35 39 55
123 35 38 119
124 35 44 119
125 37 41 60
126 37 43 60
127 38 46 64
128 38 52 64
129 38 43 72
130 38 46 72
131 38 38 81
132 38 46 81
133 38 44 103
134 38 42 103
135 38 52 90
136 38 44 90
137 39 41 67
138 39 44 67
139 39 51 78
140 39 39 78
141 39 44 76
142 39 45 76
143 39 51 75
144 39 52 75
145 39 52 65
146 39 52 65
147 39 45 71
148 39 47 71
149 39 44 73
150 39 39 73
151 39 52 74
152 39 50 74
153 39 52 69
154 39 44 69
155 39 52 80
156 39 45 80
157 39 44 123
158 39 39 123
159 39 44 104
160 39 43 104
161 39 44 101
162 39 44 101
163 39 45 88
164 39 45 88
165 39 44 94
166 39 44 94
167 39 44 93
168 39 44 93
169 39 44 99
170 39 44 99
171 39 44 100
172 39 45 100
173 39 44 85
174 39 40 85
175 39 44 92
176 39 44 92
177 39 40 91
178 39 45 91
179 39 44 96
180 39 50 96
181 39 52 110
182 39 52 110
183 39 52 106
184 39 39 106
185 39 52 120
186 39 45 120
187 39 45 114
188 39 48 114
189 39 43 131
190 39 45 131
191 40 52 63
192 40 41 63
193 40 49 79
194 40 51 79
195 40 45 66
196 40 46 66
197 40 52 102
198 40 44 102
199 40 52 86
200 40 48 86
201 40 44 97
202 40 46 97
203 40 40 112
204 40 45 112
205 40 47 116
206 40 46 116
207 40 46 115
208 40 44 115
209 40 46 105
210 40 46 105
211 40 43 108
212 40 45 108
213 40 52 107
214 40 45 107
215 40 52 113
216 40 52 113
217 40 52 122
218 40 52 122
219 40 44 184
220 40 51 184
221 40 46 140
222 40 45 140
223 40 52 150
224 40 45 150
225 40 46 158
226 40 44 158
227 41 46 83
228 41 46 83
229 41 44 174
230 41 46 174
231 41 45 39
232 41 45 39
233 41 52 177
234 41 47 177
235 41 46 203
236 41 44 203
237 42 51 111
238 42 45 111
239 42 47 121
240 42 47 121
241 42 45 125
242 42 52 125
243 42 45 192
244 42 46 192
245 42 52 137
246 42 45 137
247 43 46 98
248 43 46 98
249 43 49 134
250 43 51 134
251 43 46 95
252 43 46 95
253 44 48 126
254 44 47 126
255 44 52 129
256 44 50 129
257 44 51 189
258 44 49 189
259 44 50 160
260 44 50 160
261 44 52 211
262 44 52 211
263 45 51 133
264 45 46 133
265 45 51 136
266 45 50 136
267 45 52 141
268 45 46 141
269 45 51 87
270 45 52 87
271 45 52 162
272 45 46 162
273 45 46 161
274 45 45 161
275 45 46 154
276 45 52 154
277 45 52 68
278 45 47 68
279 45 50 219
280 45 45 219
281 45 52 179
282 45 45 179
283 45 51 166
284 45 50 166
285 45 48 170
286 45 46 170
287 45 50 169
288 45 52 169
289 45 48 138
290 45 52 138
291 45 46 175
292 45 50 175
293 45 52 176
294 45 50 176
295 45 50 168
296 45 50 168
297 45 50 167
298 45 50 167
299 45 50 165
300 45 50 165
301 45 50 171
302 45 51 171
303 45 52 198
304 45 45 198
305 45 51 201
306 45 49 201
307 45 51 208
308 45 51 208
309 45 46 117
310 45 45 117
311 45 52 229
312 45 50 229
313 45 46 236
314 45 51 236
315 45 52 159
316 45 51 159
317 45 52 173
318 45 50 173
319 45 50 149
320 45 52 149
321 45 52 157
322 45 45 157
323 45 45 226
324 45 52 226
325 45 52 124
326 45 52 124
327 46 52 163
328 46 52 163
329 46 52 164
330 46 51 164
331 46 52 187
332 46 47 187
333 46 46 147
334 46 51 147
335 46 52 186
336 46 52 186
337 46 46 190
338 46 50 190
339 46 52 178
340 46 52 178
341 46 52 156
342 46 52 156
343 46 52 204
344 46 50 204
345 46 51 243
346 46 51 243
347 46 52 214
348 46 52 214
349 46 52 77
350 46 51 77
351 46 47 224
352 46 52 224
353 46 52 212
354 46 52 212
355 46 52 222
356 46 51 222
357 46 52 232
358 46 47 232
359 46 52 231
360 46 49 231
361 46 46 238
362 46 51 238
363 46 52 246
364 46 46 246
365 46 51 241
366 46 51 241
367 46 51 322
368 46 51 322
369 46 51 282
370 46 51 282
371 46 46 304
372 46 52 304
373 46 46 280
374 46 51 280
375 46 46 310
376 46 51 310
377 46 52 118
378 46 51 118
379 46 46 323
380 46 52 323
381 46 51 142
382 46 52 142
383 46 47 172
384 46 52 172
385 46 52 274
386 46 46 274
387 46 52 195
388 46 52 195
389 47 52 127
390 47 51 127
391 47 51 130
392 47 47 130
393 47 48 132
394 47 47 132
395 47 51 235
396 47 48 235
397 47 52 206
398 47 52 206
399 47 52 202
400 47 52 202
401 47 52 207
402 47 52 207
403 47 52 210
404 47 52 210
405 47 51 209
406 47 49 209
407 47 52 251
408 47 52 251
409 47 51 230
410 47 52 230
411 47 51 228
412 47 52 228
413 47 52 361
414 47 49 361
415 47 51 227
416 47 52 227
417 47 47 244
418 47 50 244
419 47 52 247
420 47 51 247
421 47 52 248
422 47 51 248
423 47 52 291
424 47 52 291
425 47 51 264
426 47 52 264
427 47 52 268
428 47 52 268
429 47 51 286
430 47 50 286
431 47 51 371
432 47 52 371
433 47 51 373
434 47 52 373
435 47 50 309
436 47 52 309
437 47 50 375
438 47 51 375
439 47 51 379
440 47 52 379
441 47 49 333
442 47 52 333
443 47 51 364
444 47 52 364
445 47 52 221
446 47 52 221
447 47 51 275
448 47 50 275
449 47 49 53
450 47 52 53
451 47 52 89
452 47 52 89
453 47 50 225
454 47 52 225
455 47 50 386
456 47 52 386
457 47 51 273
458 47 52 273
459 47 52 196
460 47 52 196
461 47 52 337
462 47 51 337
463 47 52 84
464 47 52 84
465 47 52 252
466 47 51 252
467 47 52 313
468 47 51 313
469 48 51 394
470 48 51 394
471 48 52 205
472 48 52 205
473 48 49 351
474 48 52 351
475 48 51 234
476 48 52 234
477 48 52 239
478 48 52 239
479 48 52 240
480 48 52 240
481 48 52 417
482 48 52 417
483 48 51 254
484 48 52 254
485 48 52 358
486 48 52 358
487 48 51 383
488 48 49 383
489 48 52 392
490 48 52 392
491 48 52 148
492 48 52 148
493 48 52 332
494 48 52 332
495 49 52 393
496 49 52 393
497 49 52 188
498 49 52 188
499 49 52 396
500 49 52 396
501 49 49 285
502 49 52 285
503 49 52 200
504 49 52 200
505 49 52 253
506 49 52 253
507 49 52 289
508 49 52 289
509 50 52 258
510 50 52 258
511 50 52 441
512 50 51 441
513 50 51 414
514 50 52 414
515 50 51 488
516 50 51 488
517 50 52 449
518 50 52 449
519 50 52 406
520 50 52 406
521 50 52 306
522 50 52 306
523 50 50 249
524 50 52 249
525 50 52 360
526 50 52 360
527 51 52 312
528 51 52 312
529 51 52 260
530 51 52 260
531 51 52 259
532 51 52 259
533 51 52 256
534 51 52 256
535 51 52 453
536 51 52 453
537 51 52 292
538 51 51 292
539 51 52 298
540 51 52 298
541 51 52 297
542 51 52 297
543 51 52 299
544 51 52 299
545 51 52 300
546 51 52 300
547 51 52 430
548 51 52 430
549 51 52 266
550 51 52 266
551 51 52 284
552 51 52 284
553 51 52 296
554 51 52 296
555 51 52 295
556 51 52 295
557 51 52 279
558 51 52 279
559 51 52 435
560 51 52 435
561 51 52 437
562 51 52 437
563 51 52 287
564 51 52 287
565 51 52 301
566 51 52 301
567 51 52 294
568 51 52 294
569 51 52 448
570 51 52 448
571 51 51 338
572 51 52 338
573 51 52 152
574 51 52 152
575 51 52 344
576 51 52 344
577 51 51 318
578 51 52 318
579 51 52 418
580 51 52 418
581 51 52 523
582 51 52 523
583 51 52 455
584 51 52 455
585 51 52 319
586 51 52 319
587 51 52 180
588 51 52 180
589 52 52 438
590 52 52 438
591 52 52 269
592 52 52 269
593 52 52 302
594 52 52 302
595 52 52 462
596 52 52 462
597 52 52 263
598 52 52 263
599 52 52 577
600 52 52 577
601 52 52 308
602 52 52 308
603 52 52 307
604 52 52 307
605 52 52 429
606 52 52 429
607 52 52 265
608 52 52 265
609 52 52 369
610 52 52 369
611 52 52 431
612 52 52 431
613 52 52 283
614 52 52 283
615 52 52 316
616 52 52 316
617 52 52 409
618 52 52 409
619 52 52 433
620 52 52 433
621 52 52 439
622 52 52 439
623 52 52 305
624 52 52 305
625 52 52 330
626 52 52 330
627 52 52 345
628 52 52 345
629 52 52 346
630 52 52 346
631 52 52 512
632 52 52 512
633 52 52 350
634 52 52 350
635 52 52 362
636 52 52 362
637 52 52 370
638 52 52 370
639 52 52 571
640 52 52 571
641 52 52 366
642 52 52 366
643 52 52 381
644 52 52 381
645 52 52 143
646 52 52 143
647 52 52 220
648 52 52 220
649 52 52 374
650 52 52 374
651 52 52 443
652 52 52 443
653 52 52 378
654 52 52 378
655 52 52 516
656 52 52 516
657 52 52 515
658 52 52 515
659 52 52 356
660 52 52 356
661 52 52 487
662 52 52 487
663 52 52 469
664 52 52 469
665 52 52 237
666 52 52 237
667 52 52 391
668 52 52 391
669 52 52 405
670 52 52 405
671 52 52 70
672 52 52 70
673 52 52 194
674 52 52 194
675 52 52 468
676 52 52 468
677 52 52 425
678 52 52 425
679 52 52 420
680 52 52 420
681 52 52 422
682 52 52 422
683 52 52 334
684 52 52 334
685 52 52 139
686 52 52 139
687 52 52 411
688 52 52 411
689 52 52 415
690 52 52 415
691 52 52 250
692 52 52 250
693 52 52 513
694 52 52 513
695 52 52 466
696 52 52 466
697 52 52 470
698 52 52 470
699 52 52 475
700 52 52 475
701 52 52 376
702 52 52 376
703 52 52 390
704 52 52 390
705 52 52 395
706 52 52 395
707 52 52 368
708 52 52 368
709 52 52 367
710 52 52 367
711 52 52 447
712 52 52 447
713 52 52 457
714 52 52 457
715 52 52 365
716 52 52 365
717 52 52 538
718 52 52 538
719 52 52 314
720 52 52 314
721 52 52 483
722 52 52 483
723 52 52 257
724 52 52 257
